PAZ                     
1 43215U 18020A   26240.29867021  .00001546  00000+0  76820-4 0  9997
2 43215  97.4459 246.6656 0001689  85.1196 275.0231 15.19145522471955
SAOCOM 1A               
1 43641U 18076A   26240.30481417 -.00000079  00000+0 -33742-5 0  9993
2 43641  97.8894  66.0136 0001542  86.3256 273.8133 14.82155308426780
SAOCOM 1B               
1 46265U 20059A   26240.26856856  .00000199  00000+0  31528-4 0  9990
2 46265  97.8900  65.0769 0001455  85.6874 274.4506 14.82155422324162
CHEOPS                  
1 44874U 19092B   26240.28971890  .00000232  00000+0  55580-4 0  9999
2 44874  98.1515  67.5594 0009473 229.3581 130.6798 14.62005337356433
HISPASAT 30W-6          
1 43228U 18023A   26239.32138602 -.00000217  00000+0  00000+0 0  9999
2 43228   0.0390  52.6033 0004001  69.1769 299.4887  1.00271666 31117
AMAZONAS 5              
1 42934U 17053A   26240.30720811  .00000000  00000+0  00000+0 0  9992
2 42934   0.0101 281.7520 0001684 268.3481 196.0340  1.00269770 32765